   Globus-M 40059 L R=.375 a=.23  B=.8   I=.184 q=23.1 <n>=1.22 Time= 0.190 dt=.01                                       
   Time   QLh    IPL    IBS    Iohm   ZEF    L      V      ICD    Vexp
    .190   .3600  .1840  .0308  .0572  2.500  .5650 -.0828  .1034  .5520                                                 
     a     J      Plh    Johm   E      Te     En     CC     Q      Jlh    Upl    Zef    Poh    Plh    Ne     sig    Chr 
    .0019  2.475  .0271  2.465  .2133  .7800  0.000  13.28  1.178  .0103  .5026  2.500  .5098  .0271  1.801  3.071  12.97
    .0058  2.349  .0316  2.332  .2128  .7799  0.000  12.59  1.226  .0150  .5014  2.500  .4813  .0316  1.801  3.071  12.24
    .0097  2.194  .0416  2.170  .2119  .7797  0.000  11.76  1.283  .0212  .4994  2.500  .4461  .0416  1.801  3.073  11.46
    .0136  2.063  .0553  2.028  .2108  .7794  0.000  11.05  1.340  .0295  .4966  2.500  .4148  .0553  1.800  3.075  10.78
    .0174  1.954  .0756  1.905  .2094  .7789  0.000  10.45  1.395  .0396  .4933  2.500  .3873  .0756  1.800  3.072  10.20
    .0213  1.859  .0989  1.797  .2078  .7782  0.000  9.923  1.449  .0506  .4895  2.500  .3627  .0989  1.798  3.069  9.694
    .0251  1.777  .1231  1.699  .2060  .7772  0.000  9.458  1.502  .0635  .4853  2.500  .3401  .1231  1.797  3.061  9.243
    .0289  1.704  .1474  1.610  .2040  .7761  0.000  9.038  1.554  .0770  .4806  2.500  .3193  .1474  1.795  3.053  8.835
    .0328  1.642  .1664  1.527  .2019  .7746  0.000  8.653  1.605  .0945  .4757  2.500  .3000  .1664  1.792  3.041  8.461
    .0365  1.587  .1842  1.450  .1996  .7729  0.000  8.298  1.655  .1128  .4704  2.500  .2820  .1842  1.788  3.029  8.115
    .0403  1.528  .1990  1.378  .1972  .7710  0.000  7.967  1.706  .1222  .4648  2.500  .2649  .1990  1.784  3.013  7.791
    .0441  1.470  .2133  1.309  .1946  .7687  0.000  7.658  1.758  .1302  .4585  2.500  .2484  .2133  1.778  2.999  7.487
    .0478  1.408  .2278  1.242  .1915  .7662  0.000  7.366  1.813  .1307  .4513  2.500  .2322  .2278  1.772  2.981  7.200
    .0515  1.346  .2423  1.177  .1881  .7633  0.000  7.090  1.871  .1304  .4433  2.500  .2163  .2423  1.765  2.966  6.927
    .0552  1.295  .2590  1.114  .1844  .7602  0.000  6.828  1.930  .1381  .4346  2.500  .2009  .2590  1.756  2.945  6.667
    .0589  1.247  .2758  1.052  .1804  .7567  0.000  6.578  1.991  .1466  .4251  2.500  .1859  .2758  1.747  2.926  6.418
    .0626  1.198  .2954  .9919  .1759  .7530  0.000  6.338  2.055  .1545  .4145  2.500  .1709  .2954  1.736  2.902  6.179
    .0662  1.151  .3153  .9329  .1711  .7489  0.000  6.109  2.121  .1623  .4031  2.500  .1565  .3153  1.725  2.881  5.948
    .0698  1.106  .3379  .8759  .1660  .7444  0.000  5.888  2.190  .1692  .3912  2.500  .1427  .3379  1.712  2.856  5.726
    .0734  1.062  .3607  .8212  .1608  .7397  0.000  5.675  2.262  .1759  .3790  2.500  .1297  .3607  1.697  2.831  5.512
    .0770  1.031  .3851  .7710  .1560  .7346  0.000  5.469  2.335  .1905  .3676  2.500  .1182  .3851  1.682  2.798  5.304
    .0805  1.005  .4097  .7243  .1514  .7292  0.000  5.270  2.408  .2071  .3567  2.500  .1078  .4097  1.665  2.760  5.103
    .0840  .9868  .4346  .6804  .1469  .7234  0.000  5.076  2.482  .2281  .3460  2.500  .0983  .4346  1.647  2.719  4.907
    .0875  .9723  .4597  .6388  .1424  .7174  0.000  4.889  2.555  .2509  .3356  2.500  .0896  .4597  1.627  2.674  4.716
    .0910  .9579  .4843  .5986  .1379  .7110  0.000  4.706  2.628  .2727  .3248  2.500  .0813  .4843  1.606  2.631  4.531
    .0945  .9438  .5086  .5595  .1331  .7042  0.000  4.528  2.702  .2937  .3136  2.500  .0734  .5086  1.584  2.588  4.350
    .0979  .9379  .5313  .5213  .1282  .6972  0.000  4.354  2.775  .3222  .3020  2.500  .0659  .5313  1.560  2.546  4.174
    .1014  .9422  .5522  .4840  .1230  .6897  0.000  4.185  2.845  .3604  .2898  2.500  .0587  .5522  1.536  2.505  4.002
    .1048  .9493  .5709  .4482  .1178  .6820  0.000  4.019  2.914  .3999  .2775  2.500  .0521  .5709  1.509  2.461  3.834
    .1081  .9618  .5837  .4141  .1126  .6739  0.000  3.856  2.979  .4436  .2653  2.500  .0461  .5837  1.482  2.416  3.670
    .1115  .9742  .5958  .3815  .1074  .6654  0.000  3.697  3.043  .4859  .2530  2.500  .0405  .5958  1.453  2.367  3.509
    .1148  .9714  .5990  .3502  .1020  .6567  0.000  3.542  3.106  .5121  .2404  2.500  .0353  .5990  1.423  2.321  3.353
    .1182  .9694  .6021  .3201  .0966  .6475  0.000  3.390  3.171  .5382  .2277  2.500  .0306  .6021  1.391  2.271  3.200
    .1215  .9576  .6016  .2912  .0911  .6381  0.000  3.242  3.239  .5534  .2147  2.500  .0263  .6016  1.359  2.226  3.052
    .1248  .9449  .6003  .2639  .0856  .6282  0.000  3.098  3.309  .5665  .2018  2.500  .0224  .6003  1.325  2.177  2.908
    .1280  .9151  .5979  .2390  .0804  .6181  0.000  2.958  3.387  .5603  .1896  2.500  .0190  .5979  1.290  2.122  2.768
    .1313  .8738  .5946  .2163  .0755  .6077  0.000  2.823  3.473  .5408  .1779  2.500  .0162  .5946  1.254  2.059  2.633
    .1345  .8225  .5906  .1948  .0705  .5969  0.000  2.692  3.569  .5100  .1663  2.500  .0136  .5906  1.218  1.992  2.503
    .1377  .7462  .5847  .1744  .0655  .5858  0.000  2.566  3.682  .4533  .1544  2.500  .0113  .5847  1.180  1.927  2.378
    .1409  .6710  .5789  .1546  .0602  .5745  0.000  2.445  3.810  .3972  .1420  2.500  .0092  .5789  1.142  1.859  2.258
    .1440  .5816  .5704  .1347  .0544  .5630  0.000  2.329  3.959  .3271  .1282  2.500  .0072  .5704  1.104  1.810  2.143
    .1471  .4935  .5620  .1157  .0484  .5512  0.000  2.219  4.129  .2575  .1141  2.500  .0055  .5620  1.065  1.757  2.034
    .1501  .4114  .5524  .0984  .0426  .5392  0.000  2.113  4.322  .1924  .1005  2.500  .0041  .5524  1.026  1.701  1.930
    .1531  .3346  .5420  .0827  .0370  .5271  0.000  2.013  4.538  .1312  .0873  2.500  .0030  .5420  .9869  1.635  1.831
    .1560  .2614  .5317  .0684  .0317  .5149  0.000  1.918  4.779  .0722  .0747  2.500  .0021  .5317  .9481  1.546  1.737
    .1588  .2093  .5214  .0555  .0266  .5026  0.000  1.827  5.044  .0333  .0627  2.500  .0014  .5214  .9097  1.453  1.649
    .1616  .1585  .5112  .0434  .0214  .4902  0.000  1.742  5.335 -.0047  .0506  2.500  931-6  .5112  .8718  1.330  1.565
    .1643  .1287  .5031  .0317  .0161  .4779  0.000  1.660  5.648 -.0218  .0380  2.500  511-6  .5031  .8345  1.176  1.486
    .1670  .1270  .4976  .0200  .0105  .4655  0.000  1.582  5.978 -.0106  .0248  2.500  211-6  .4976  .7980  .9544  1.411
    .1696  .1248  .4922  .0086  .0046  .4531  0.000  1.507  6.325  224-6  .0109  2.500  400-7  .4922  .7623  0.000  1.340
    .1721  .1621  .4947 -.0025 -.0014  .4408  0.000  1.435  6.679  .0507 -.0033  2.500  371-8  .4947  .7275  0.000  1.272
    .1746  .2253  .5023 -.0134 -.0077  .4285  0.000  1.365  7.030  .1273 -.0181  2.500  103-6  .5023  .6937  0.000  1.207
    .1770  .2870  .5097 -.0235 -.0140  .4163  0.000  1.297  7.375  .2020 -.0330  2.500  329-6  .5097  .6608  1.523  1.145
    .1794  .3557  .5253 -.0327 -.0201  .4041  0.000  1.231  7.711  .2832 -.0475  2.500  659-6  .5253  .6289  1.363  1.085
    .1817  .4302  .5471 -.0409 -.0261  .3919  0.000  1.166  8.033  .3694 -.0615  2.500  .0010  .5471  .5979  1.255  1.027
    .1839  .5037  .5685 -.0481 -.0318  .3798  0.000  1.103  8.341  .4539 -.0749  2.500  .0015  .5685  .5679  1.192  .9708
    .1861  .5592  .5881 -.0542 -.0372  .3676  0.000  1.041  8.640  .5195 -.0877  2.500  .0020  .5881  .5388  1.135  .9168
    .1883  .5731  .6044 -.0592 -.0423  .3554  0.000  .9817  8.943  .5426 -.0997  2.500  .0025  .6044  .5107  1.061  .8651
    .1905  .5878  .6204 -.0632 -.0470  .3432  0.000  .9240  9.253  .5653 -.1109  2.500  .0029  .6204  .4836  1.011  .8157
    .1926  .6030  .6361 -.0662 -.0514  .3310  0.000  .8681  9.568  .5877 -.1212  2.500  .0034  .6361  .4574  .9760  .7685
    .1946  .5651  .6196 -.0683 -.0553  .3188  0.000  .8146  9.910  .5559 -.1305  2.500  .0037  .6196  .4323  .9137  .7240
    .1967  .5187  .5978 -.0693 -.0587  .3066  0.000  .7635  10.28  .5144 -.1384  2.500  .0040  .5978  .4083  .8608  .6820
    .1987  .4742  .5763 -.0692 -.0613  .2944  0.000  .7145  10.69  .4736 -.1447  2.500  .0042  .5763  .3854  .8228  .6426
    .2007  .4426  .5510 -.0680 -.0631  .2823  0.000  .6675  11.12  .4445 -.1489  2.500  .0042  .5510  .3637  .7922  .6056
    .2026  .4628  .5083 -.0657 -.0640  .2702  0.000  .6223  11.56  .4659 -.1509  2.500  .0042  .5083  .3432  .7467  .5706
    .2045  .4835  .4663 -.0625 -.0641  .2581  0.000  .5789  12.02  .4870 -.1511  2.500  .0040  .4663  .3238  .7116  .5376
    .2064  .5044  .4250 -.0588 -.0634  .2461  0.000  .5375  12.49  .5076 -.1496  2.500  .0037  .4250  .3057  .6847  .5065
    .2082  .5340  .3882 -.0546 -.0621  .2341  0.000  .4979  12.97  .5367 -.1465  2.500  .0033  .3882  .2888  .6599  .4773
    .2100  .5874  .3617 -.0501 -.0603  .2222  0.000  .4600  13.45  .5892 -.1423  2.500  .0030  .3617  .2731  .6265  .4499
    .2118  .6400  .3356 -.0456 -.0583  .2103  0.000  .4239  13.94  .6408 -.1374  2.500  .0026  .3356  .2587  .5956  .4244
    .2135  .6917  .3100 -.0413 -.0561  .1985  0.000  .3896  14.44  .6915 -.1322  2.500  .0023  .3100  .2455  .5651  .4007
    .2153  .7368  .2849 -.0374 -.0539  .1868  0.000  .3571  14.96  .7358 -.1272  2.500  .0020  .2849  .2336  .5325  .3789
    .2169  .6982  .2618 -.0339 -.0521  .1752  0.000  .3268  15.54  .6964 -.1228  2.500  .0017  .2618  .2229  .4896  .3595
    .2186  .6609  .2392 -.0308 -.0505  .1637  0.000  .2985  16.17  .6579 -.1190  2.500  .0015  .2392  .2135  .4435  .3424
    .2202  .6247  .2170 -.0276 -.0491  .1523  0.000  .2679  16.87  .6203 -.1159  2.500  .0013  .2170  .2054  .3942  .3274
    .2217  .5896  .1955 -.0247 -.0481  .1411  0.000  .2381  17.65  .5837 -.1135  2.500  .0011  .1955  .1985  .3423  .3144
    .2233  .5168  .1686 -.0222 -.0475  .1301  0.000  .2106  18.51  .5094 -.1121  2.500  .0010  .1686  .1928  .2857  .3033
    .2247  .3968  .1357 -.0236 -.0473  .1194  0.000  .2184  19.49  .3924 -.1115  2.500  .0011  .1357  .1883  .2258  .2938
    .2261  .2860  .1039 -.0215 -.0471  .1090  0.000  .1928  20.59  .2792 -.1111  2.500  .0010  .1039  .1850  .1668  .2850
    .2275  .1809  .0735 -.0195 -.0471  .0989  0.000  .1704  21.80  .1712 -.1110  2.500  923-6  .0735  .1827  .1095  .2763
    .2288  .0811  .0446 -.0179 -.0471  .0892  0.000  .1517  23.09  .0682 -.1110  2.500  847-6  .0446  .1814  .0537  .2665
    .2300  0.000  .0172 -.0185 -.0470  .0800  0.000  .1517  28.12 -.0293 -.1109  2.500  874-6  .0172  .1810 -875-6  .2694
          === ASTRA 6.2 === 11-08-21 15:47 === Model: ft2_2017 === Data file: ft2_2017 ===
  CF    100-6  .1800  100-6  1.000  1.000  .2100  1.000  1.000  1.000  .9000  .0500  .4500  .0200  1.000  1.000  1.000
  CV    0.000  .2000  0.000  0.000  0.000  0.000  0.000  0.000  0.000  0.000  0.000  0.000  0.000  0.000  0.000  0.000
  CH    1.000  1.000  1.000  1.000  1.000  1.000  1.000  1.000  1.000  1.000  1.000  1.000  1.000  1.000  1.000  1.000
  CCD   .3102  .1036  0.000  .0273  1.000  1.000  1.000  1.000  1.000  1.000  1.000  1.000  1.000  1.000  1.000  1.000
  CBND  1.000  1.000  1.000  1.000  1.000  1.000  1.000  1.000  1.000  1.000  1.000  1.000  1.000  1.000  1.000  1.000
  CRAD  1.000  1.000  1.000  1.000  1.000  1.000  1.000  1.000                                                        
